74
gettimeofday
7,12,10,8,10,24,1,10,10,9,10,10,10,17,10,10,23,8,10,10,10,23,17,17,17,17,10,10,10,10,10,23,17,7,10,10,23,10,10,10,23,17,17,10,10,10,10,23,10,10,10,23,17,17,10,10,10,10,23,10,10,10,23,17,17,7,10,23,17,10,10,10,10,23,10,10,10,10,23,10,10,10,10,23,10,10,10,23,10,10,10,10,18,9,10,23,10,10,10,10
avg: 12.86, variance: 5.25707

clock_gettime
0,0,0,0,0,0,0,0,0,0,0,0,0,0,0,0,0,0,0,0,0,0,0,0,0,0,0,0,0,0,0,0,0,0,0,0,0,0,0,0,0,0,0,0,0,0,0,0,0,0,0,0,0,0,0,0,0,0,0,0,0,0,0,0,0,0,0,0,0,0,0,0,0,0,0,0,0,0,0,0,0,0,0,0,0,0,0,0,0,0,0,0,0,0,0,0,0,0,0,0
avg: 0, variance: 0

rdtsc
23
0,24
0,29
0,26
0,26
0,26
0,26
0,29
0,26
0,26
0,26
0,21
0,24
0,26
0,26
0,26
0,26
0,26
0,26
0,26
0,26
0,26
0,26
0,26
0,21
0,29
0,29
0,21
0,26
0,26
0,26
0,29
0,26
0,26
0,26
0,29
0,29
0,26
0,26
0,29
0,26
0,26
0,29
0,29
0,26
0,21
0,29
0,24
0,21
0,26
0,26
0,29
0,26
0,26
0,29
0,29
0,26
0,29
0,26
0,29
0,26
0,26
0,26
0,26
0,26
0,26
0,26
0,29
0,26
0,24
0,26
0,26
0,26
0,21
0,21
0,21
0,26
0,26
0,26
0,26
0,26
0,29
0,26
0,26
0,26
0,26
0,29
0,26
0,26
0,26
0,26
0,29
0,26
0,29
0,26
0,24
0,26
0,26
0,29
0,26
0
avg: 0, variance: 0

143.41
